8.004794072645384784e-01 9.928228869057877937e-01 3.598424944036212603e-01 5.898270396601313914e-01 3.118121516522828207e-01 8.797195529975587736e-02 5.701045133287925282e-01 7.721918748235503394e-01 8.933421226649064240e-01 9.039512326985870150e-01
5.466354351856974603e-01 1.186653322152788625e-01 2.741835458445528451e-01 7.123688317564635941e-01 8.122955912237611598e-01 7.763785161656457934e-01 2.235941435163439905e-01 5.300635291483338785e-01 5.418794364548095155e-01 8.721363821179701770e-01
4.026484709428559405e-01 2.634996216577087935e-01 1.286817865636025182e-02 5.272085527361273227e-01 8.543011716078990903e-01 4.981984394385896575e-02 3.188656244209830959e-02 3.437293498723866803e-01 3.898617208855118532e-01 8.119015477676183590e-02
4.021258678586264734e-01 4.456592996913009141e-01 2.524606716082709035e-01 4.101807649349424878e-01 8.131368432459965545e-01 4.641860297689172077e-01 1.377169846433290434e-01 8.995648996880700743e-01 8.615560387342048321e-01 4.768565284890258216e-01
4.271263130555191800e-02 2.807230815448978900e-01 7.754136035766879820e-01 3.534908604247524178e-01 7.509853064701477177e-01 1.590256890341454898e-01 2.002255037014986083e-01 6.635355672292729823e-01 4.803940306026129869e-01 3.914215950727870652e-01
8.039215777301651489e-01 8.111560647084848918e-01 8.427488084046762529e-01 1.354717608900729564e-01 5.015308336520550858e-01 3.041147400367016917e-01 3.372050087348327230e-01 6.004905171746472980e-01 1.535155566199285504e-01 7.106524737505282019e-02
9.788381177101487252e-01 8.384391012009049238e-01 3.944829828318320297e-01 9.698413542080852601e-01 1.982417759646192268e-01 1.623124465431805552e-01 4.074070056196789080e-01 2.907879842483320765e-01 2.267851547347339292e-01 2.764528959612201353e-01
4.621203020915818360e-01 4.495270834953455363e-01 7.746279647596299167e-02 5.143606344695219601e-01 6.805356836217566485e-01 7.648010374600934247e-01 2.791112889099299776e-01 9.074997441128996867e-01 3.289440572101012261e-01 6.345297718942172205e-01
1.510482287693629688e-01 1.316478471839155340e-01 8.623265397561395984e-01 1.081905843701591596e-02 3.394070410613537758e-01 8.183924274668906707e-01 8.174852568571917555e-01 3.550608088196434142e-01 1.230125248116533676e-01 1.994219827092605923e-01
2.062723453935176865e-01 5.415466099002173017e-01 9.924124929078517177e-01 5.292301465726811927e-02 7.739107369953601712e-02 7.906684050558411281e-01 5.172480104653686128e-01 4.730092987547881433e-01 4.461874235934391031e-01 6.755309891521900090e-01
5.235396581752717049e-01 3.991286511602836207e-01 9.503593904948900439e-01 4.225152895544919129e-01 6.000093023871897469e-01 5.227492109992623037e-01 9.618951096754458918e-01 8.205996676054518879e-01 2.280355669687770259e-01 3.373327061653590420e-01
